# Created by Octave 11.3.0, Mon Jun 29 17:40:05 2026 -03
# name: q_table
# type: matrix
# ndims: 5
 5 3 2 2 3
 0.0039283615315660264
 1.1609403460933161
 -1.2221097653377466
 0.084269223339982713
 1.3554211422830711
 3.2341219496519495
 -0.036595010318251124
 1.5232432159066918
 0.13703374075365182
 10.845828838909966
 0
 2.3799634225852046e-06
 0.020850691547710201
 0.35218981219869705
 0.69721995213271626
 0
 -0.0015319212011676471
 -0.012543970164620156
 0.19526144463148681
 1.1641442750297133
 0.095745605349104548
 0.20477384806681123
 5.7356297483625731
 3.2899196957576509
 6.5189246398307921
 -5.0019661734349068
 0.0012034391351611799
 1.5686048002342228
 5.5629681996109754
 8.1143989167560715
 1.347586620020778
 0.0011583497179224454
 0.004355084722138052
 0.22765075519872741
 -0.027173056303287004
 2.7610447591910545
 3.5493540838017421
 1.5348935619340822
 0.33830417333912871
 -1.5276033791602108
 -84.707390874308587
 13.267478437803172
 20.109961767399117
 4.4812482826203102
 -40.92319257222735
 0
 0
 0.16243201796222687
 0.77178240450970026
 -0.74443420082678891
 0.42092860576767588
 1.9156578718990023
 1.0546317698739518
 -0.84998083128469804
 3.2946037708368374
 -23.237680775370702
 2.4513394496739611
 0.53199264962906734
 2.404497614006428
 -78.202396076117921
 0
 0
 -2.9761246327072004
 -0.031639807564800684
 0.048029210608595801
 0
 -0.03512183038471528
 0.0001339613700258991
 3.1572455534087163
 4.4863160442887375
 0
 0
 0
 0
 0
 0
 1.625574304832577
 3.2339873022157537
 0.90370972039435382
 2.4807216093844842
 0
 0.010301294538369034
 0.80384616440829726
 9.5551246153296461
 10.146333041563915
 -0.77005973598582311
 0
 -0.0020943786819549487
 0.57137528070039112
 6.3919491495861331
 0.11916934153362242
 1.1887544128648047
 1.9991339349659278
 0
 -0.066499250957588366
 -1.6709257942873874
 1.4158310044526945
 2.7306243708912472
 7.30699382475209
 5.6305207056514002
 -101.32140645651407
 2.0529427079824134
 1.5335187163647483
 5.5580721966192517
 -30.388267460775715
 0
 0
 0
 -0.5503416901775775
 -0.045170162872564812
 -0.87144747027947678
 5.4186810740097409
 3.3479501732576127
 4.5746668549272069
 7.6140212848674569
 -44.325932592530549
 0.33590984554332248
 0.43531417256131072
 -5.8388889271929392
 -73.325527672898829
 0
 0
 -1.3503178050851972
 0
 7.8971326397792971
 0
 2.2577565478735595
 1.4697434528740933e-07
 0.00013507763920133105
 5.6726612452254823
 0
 0.39918782200054981
 1.4738260735765215e-09
 2.7246923407579231e-05
 0
 0.00033723011047361945
 -0.00023816534499509083
 -0.052518831520650483
 6.841289050584014
 -0.49851581097276926
 0.99759518003492731
 3.2362423104501534
 1.9350486467094874
 3.4716069613207297
 8.2727428951535682
 -0.32526266974374995
 0
 -0.0030329894068780055
 1.7140694821595117
 0.47731911307739994
 0
 2.1311225004865624
 0
 0
 0.51687586285457077
 -0.097211204065823509
 8.3850839058700295
 5.780913984294771
 0.42201152461779334
 -1.6430498641258735
 -97.609231941384763
 0.72196519566936568
 1.3920890723713382
 18.652346555844687
 -29.743414530384559
 0
 0.0066679416903193886
 0
 -0.10293515891459273
 3.0648730412998173
 -0.86874229032776973
 0.035306127923659503
 0.26212065159114262
 -0.92722473383176052
 4.4141240398373256
 -36.895097227536191
 0.24154309394302664
 5.0196811254284359
 -9.1762009369376614
 -46.803452614117148


